EpLenMean,EpRewMean,EpThisIter,EpisodesSoFar,RewMean,TimeElapsed,TimestepsSoFar,entloss,entropy,ev_tdlam_before,meankl,optimgain,surrgain
377.4,-117.73979,5,5,-0.31315377,29.016353607177734,1887,0.0,1.457763,0.002949059009552002,0.01171988,0.0101712225,0.0101712225
419.77777777777777,-117.533066,4,9,-0.29671025,31.78696584701538,3778,0.0,1.3842165,0.3177134394645691,0.01738426,0.0068030404,0.0068030404
394.0,-116.7331,6,15,-0.30843362,34.621681213378906,5910,0.0,1.3463467,0.49468696117401123,0.005357527,0.0038933724,0.0038933724
374.6190476190476,-115.55693,6,21,-0.31909043,37.54422092437744,7867,0.0,1.43217,0.6464118659496307,0.009131756,0.007689942,0.007689942
364.10714285714283,-114.98193,7,28,-0.32448426,40.329400062561035,10195,0.0,1.4960943,0.7414061725139618,0.013329028,0.004163234,0.004163234
354.55882352941177,-114.27922,6,34,-0.3304192,43.11453032493591,12055,0.0,1.4825159,0.8097917288541794,0.014936585,0.009839615,0.009839615
344.65,-113.46482,7,41,-0.3371653,45.79178810119629,14152,0.0,1.5452595,0.8397630006074905,0.012574979,0.011731868,0.011731868
331.675,-112.167336,7,48,-0.3462997,48.428260803222656,16255,0.0,1.5138341,0.877795934677124,0.0060022874,0.0021941077,0.0021941077
309.2,-110.919846,7,55,-0.35960323,51.159825801849365,18278,0.0,1.4540107,0.9023084565997124,0.008277222,0.0030674164,0.0030674164
304.8,-110.47986,7,62,-0.36320257,53.921154260635376,20391,0.0,1.5281676,0.9215402752161026,0.014402125,0.007512901,0.007512901
302.125,-110.21236,6,68,-0.36526936,56.70224189758301,22280,0.0,1.5451257,0.9398872889578342,0.003090619,0.000883591,0.000883591
305.15,-110.514854,7,75,-0.3629209,59.39902448654175,24570,0.0,1.5055624,0.9465735256671906,0.012601469,0.003656971,0.003656971
311.05,-111.10484,6,81,-0.35830787,62.27443242073059,26594,0.0,1.5052464,0.9609097875654697,0.0034867679,0.0054724347,0.0054724347
316.425,-111.64235,6,87,-0.35406762,64.98332500457764,28620,0.0,1.4883649,0.9685773327946663,0.0048751244,0.0075876014,0.0075876014
325.05,-112.50484,6,93,-0.34712353,67.68408370018005,30685,0.0,1.4632667,0.9745081085711718,0.006675227,0.0070471875,0.0070471875
331.975,-113.19733,6,99,-0.34180418,70.46505069732666,32758,0.0,1.4474689,0.9805093128234148,0.0016414784,0.0014738329,0.0014738329
339.1,-113.90981,5,104,-0.33662385,73.29981279373169,34569,0.0,1.4759829,0.9858638448640704,0.0142980125,0.006863027,0.006863027
358.7,-114.8698,4,108,-0.3281371,76.32707262039185,36628,0.0,1.3666492,0.8609190881252289,0.014526579,0.008939799,0.008939799
373.35,-115.33478,3,111,-0.32221293,79.06699395179749,38213,0.0,1.2889515,0.8666872680187225,0.018050022,0.0070329923,0.0070329923
402.7,-116.026146,3,114,-0.31076685,81.73704361915588,40346,0.0,1.2986138,0.5743532776832581,0.0020426577,0.0036760233,0.0036760233
436.925,-117.04939,3,117,-0.29818925,84.49036240577698,42771,0.0,1.3603321,0.8515819311141968,0.018647987,0.0093310755,0.0093310755
457.625,-118.11936,4,121,-0.29022142,87.15033173561096,44899,0.0,1.3506668,0.46163731813430786,0.01962816,0.0119487215,0.0119487215
492.3,-116.98149,2,123,-0.27808207,89.96032476425171,46976,0.0,1.351388,0.6424354612827301,0.00735626,0.002173597,0.002173597
526.4,-115.85769,2,125,-0.2657829,92.88872241973877,49013,0.0,1.3398855,0.794781431555748,0.0063696927,0.005237389,0.005237389
560.0,-117.52702,1,126,-0.2600322,95.56616616249084,50694,0.0,1.3339262,0.8102818727493286,0.009351505,0.022504454,0.022504454
587.4,-116.26701,1,127,-0.25249076,98.24670028686523,52116,0.0,1.293926,0.9710262753069401,0.019942023,0.010549803,0.010549803
626.075,-119.1345,1,128,-0.24757817,100.9176914691925,54031,0.0,1.2980341,0.9350607469677925,0.011437974,0.0039656647,0.0039656647
683.625,-117.431984,2,130,-0.23307803,103.5269627571106,56995,0.0,1.3252167,0.8352064192295074,0.006369179,0.019641535,0.019641535
712.1,-115.279465,1,131,-0.22548743,106.13974571228027,58492,0.0,1.318664,0.9710508622229099,0.022116479,0.013246856,0.013246856
747.95,-116.864456,1,132,-0.21946332,108.825754404068,60258,0.0,1.3032647,0.8776547908782959,0.010316677,0.006352341,0.006352341
810.15,-117.08437,1,133,-0.21225429,213.81853985786438,63091,0.0,1.3351113,0.9613391309976578,0.00947783,0.015250883,0.015250883
842.525,-118.32186,1,134,-0.20668325,216.65477681159973,64745,0.0,1.3380829,0.9915178176015615,0.01206888,0.019186633,0.019186633
874.75,-119.54436,1,135,-0.20060425,219.35458779335022,66363,0.0,1.2714347,0.978985482826829,0.00803048,0.005924511,0.005924511
908.25,-120.03438,1,136,-0.19391458,222.0137004852295,68027,0.0,1.2650572,0.9825070910155773,0.012083234,0.004785491,0.004785491
974.15,-121.32705,2,138,-0.1818072,224.74219799041748,71369,0.0,1.1883342,0.9864880321547389,0.012955771,0.0047684233,0.0047684233
1015.3,-118.44203,1,139,-0.17367466,227.65772891044617,73370,0.0,1.1789733,0.7630214691162109,0.0101200435,0.005537427,0.005537427
1048.4,-118.30951,1,140,-0.16719803,230.52657318115234,75050,0.0,1.1693114,0.9721188135445118,0.004559249,0.008049293,0.008049293
1093.175,-116.786964,2,142,-0.15480351,233.20002055168152,77545,0.0,1.1616219,0.9162723869085312,0.013226444,0.0057448177,0.0057448177
1108.575,-117.32695,4,146,-0.14902931,236.06103110313416,79658,0.0,1.0814173,0.6738403141498566,0.014861116,0.009370468,0.009370468
1108.675,-117.33694,4,150,-0.14904077,238.72166633605957,81707,0.0,1.0595702,0.9220941066741943,0.0045694197,0.0044307173,0.0044307173
1076.2,-117.33307,4,154,-0.15949963,241.39048624038696,83394,0.0,1.0567634,0.6382423639297485,0.0059152255,0.008294465,0.008294465
1059.375,-117.04982,5,159,-0.16650431,244.0406196117401,85944,0.0,1.1084596,0.9669949002563953,0.011250371,0.013699166,0.013699166
1070.9,-114.20232,2,161,-0.16326459,246.44092106819153,87735,0.0,1.1416218,0.9554686471819878,0.012396674,0.013663571,0.013663571
1048.875,-112.13896,3,164,-0.17117779,249.0452015399933,89913,0.0,1.1280689,0.9854664243757725,0.0126764,0.0140264975,0.0140264975
1031.55,-108.09712,2,166,-0.16911002,251.71632146835327,91956,0.0,1.1281126,0.8525059372186661,0.009633739,0.010587413,0.010587413
926.075,-101.00714,4,170,-0.17169368,254.39527463912964,94038,0.0,1.1433408,0.4703684449195862,0.009770116,0.017095588,0.017095588
818.25,-96.91383,3,173,-0.1735445,257.1279089450836,95821,0.0,1.1508796,0.5363399684429169,0.017095547,0.00842615,0.00842615
741.225,-90.02095,3,176,-0.17408924,259.8567867279053,97676,0.0,1.1461619,0.7149505019187927,0.015709069,0.02249249,0.02249249
736.875,-87.883255,1,177,-0.17286853,262.54128074645996,99181,0.0,1.1159947,0.8607033640146255,0.017208554,0.009687424,0.009687424
745.325,-83.72823,1,178,-0.17036977,265.20483565330505,101182,0.0,1.0863204,0.9265119507908821,0.0048145037,0.008001844,0.008001844
718.625,-87.0965,2,180,-0.1738215,267.88103437423706,103795,0.0,1.1028163,0.7070232331752777,0.010633812,0.0077841473,0.0077841473
680.525,-89.28654,5,185,-0.18454763,270.55329847335815,106462,0.0,1.1274747,0.8714146316051483,0.007836614,0.0065021003,0.0065021003
682.875,-89.52153,3,188,-0.18454637,273.21918535232544,108267,0.0,1.1760046,0.9241866171360016,0.015134126,0.004792547,0.004792547
707.55,-89.989,3,191,-0.17640439,275.9182779788971,110431,0.0,1.20293,0.7703594267368317,0.005494175,0.024523593,0.024523593
691.025,-89.336525,5,196,-0.18129763,278.61382246017456,112427,0.0,1.2545563,0.9841547161340714,0.0076343543,0.008034887,0.008034887
676.775,-91.91152,4,200,-0.18441623,281.48941469192505,114441,0.0,1.2474763,0.9087891131639481,0.006982526,0.0064436747,0.0064436747
665.125,-94.74652,4,204,-0.18724003,284.3118419647217,116518,0.0,1.247242,0.9663186371326447,0.021037038,0.006550761,0.006550761
633.575,-99.591545,3,207,-0.20130715,287.1253128051758,117723,0.0,1.2443846,0.6210419535636902,0.019595066,0.008454031,0.008454031
667.575,-102.99153,3,210,-0.20809741,289.8299605846405,120741,0.0,1.2343351,0.8228642642498016,0.004578514,0.0029795014,0.0029795014
668.825,-100.427444,2,212,-0.20473142,292.6409113407135,122015,0.0,1.1759461,0.8550771325826645,0.016465744,0.01047265,0.01047265
704.475,-99.99239,2,214,-0.20364861,331.40534567832947,124608,0.0,1.1630044,0.9810420498251915,0.0043589766,0.008467741,0.008467741
682.35,-96.830284,3,217,-0.19914778,334.1786730289459,126475,0.0,1.1978862,0.9515962302684784,0.0074220942,0.008159982,0.008159982
617.65,-92.7646,3,220,-0.19710779,337.05285120010376,128501,0.0,1.2208228,0.9904853515326977,0.010157932,0.005588805,0.005588805
621.925,-85.192116,3,223,-0.1819168,339.918621301651,130524,0.0,1.2787668,0.9940791935659945,0.010153027,0.011164596,0.011164596
648.05,-81.21423,3,226,-0.16508566,342.7602677345276,132769,0.0,1.3609015,0.788386732339859,0.019188412,0.0052653947,0.0052653947
650.825,-78.49174,2,228,-0.15836506,345.6560869216919,134300,0.0,1.3845819,0.9549476392567158,0.007821472,0.00272502,0.00272502
668.5,-79.25922,3,231,-0.15430327,348.3978371620178,137171,0.0,1.4209284,0.9814937580376863,0.0043265466,0.0050150426,0.0050150426
691.65,-79.57418,2,233,-0.14690647,351.0651557445526,138924,0.0,1.4138082,0.9916030988097191,0.014977263,0.013107531,0.013107531
715.4,-76.94917,1,234,-0.13969837,353.7258765697479,140275,0.0,1.4664618,0.9510384388267994,0.008564116,0.01248772,0.01248772
753.075,-75.19686,2,236,-0.12870118,356.40896821022034,142550,0.0,1.4248252,0.768935039639473,0.01465385,0.004270274,0.004270274
773.55,-75.6866,1,237,-0.12718576,359.11755537986755,144216,0.0,1.3975518,0.8963702544569969,0.0050290646,0.01263256,0.01263256
813.375,-76.9315,1,238,-0.12163172,361.7915151119232,146195,0.0,1.3772078,0.9572785384953022,0.021031726,0.009684999,0.009684999
850.925,-78.6865,1,239,-0.116593935,364.45806789398193,148094,0.0,1.3177686,0.7366728782653809,0.01000255,0.0075219674,0.0075219674
903.775,-76.97145,2,241,-0.105139896,367.1352188587189,150972,0.0,1.3275844,0.9459196887910366,0.0061084516,0.012286391,0.012286391
936.65,-78.25891,2,243,-0.09621562,369.8119056224823,153023,0.0,1.3958347,0.4416080117225647,0.019036788,0.016480355,0.016480355
954.025,-79.99642,1,244,-0.09577892,372.5102336406708,154679,0.0,1.3860757,0.9386065416038036,0.006394536,0.00675501,0.00675501
985.425,-82.13641,1,245,-0.09091637,375.1875469684601,156300,0.0,1.3837192,0.8507973849773407,0.019431647,0.01789673,0.01789673
1025.075,-80.1014,1,246,-0.0840981,377.72866654396057,158301,0.0,1.3816918,0.9285989701747894,0.005299083,0.013991473,0.013991473
1050.25,-79.61892,2,248,-0.07868056,380.3624005317688,161192,0.0,1.3374416,0.9855525381863117,0.016544666,0.007647826,0.007647826
1056.0,-79.193924,1,249,-0.07824705,383.03806591033936,162591,0.0,1.348286,0.9344228059053421,0.004273373,0.0061514173,0.0061514173
1099.075,-76.50138,2,251,-0.07033969,385.7204957008362,165323,0.0,1.3720987,0.9822552669793367,0.0063801236,0.0063733347,0.0063733347
1116.925,-76.28636,1,252,-0.06967501,388.3992328643799,166692,0.0,1.4471027,0.9878491926938295,0.01748234,0.019587561,0.019587561
1078.3,-86.42389,5,257,-0.09757279,391.16218852996826,169607,0.0,1.414826,0.8083047419786453,0.012243435,0.014449015,0.014449015
1065.65,-96.158875,4,261,-0.11947094,393.85804200172424,171790,0.0,1.3826821,0.9453419633209705,0.015328628,0.007894783,0.007894783
1080.75,-101.66884,2,263,-0.124458395,396.5138518810272,173754,0.0,1.408988,0.9413647875189781,0.008316847,0.0029991076,0.0029991076
1087.575,-103.94169,2,265,-0.12690075,399.2133800983429,175618,0.0,1.4139302,0.9642023518681526,0.0078029903,0.0060913865,0.0060913865
1104.025,-109.58665,2,267,-0.13247435,401.89306259155273,177463,0.0,1.428153,0.9899184517562389,0.008246096,0.0084948065,0.0084948065
1102.725,-109.45665,2,269,-0.1325286,404.5909376144409,179417,0.0,1.448985,0.9943481180816889,0.010754036,0.01367227,0.01367227
1104.5,-109.634155,3,272,-0.13244417,407.2738604545593,182232,0.0,1.4378078,0.9966560548637062,0.014836848,0.01539463,0.01539463
1118.125,-106.99666,1,273,-0.12918022,409.9541401863098,183649,0.0,1.4328719,0.9821330606937408,0.0053874254,0.0069562932,0.0069562932
1135.35,-105.71912,1,274,-0.1284596,489.37741327285767,185689,0.0,1.3769029,0.9838250391185284,0.010170506,0.0065595177,0.0065595177
1094.05,-104.66667,3,277,-0.13710134,492.1872971057892,187978,0.0,1.3983047,0.30194270610809326,0.007507298,0.0028098263,0.0028098263
1077.15,-100.71426,1,278,-0.13517165,495.0538709163666,189281,0.0,1.3879067,0.544272780418396,0.004432733,0.0034179357,0.0034179357
1030.575,-96.05678,3,281,-0.13690002,497.91955494880676,192195,0.0,1.3551934,0.6243151128292084,0.012672955,0.005054944,0.005054944
953.625,-91.36182,4,285,-0.14929941,500.6406784057617,194445,0.0,1.4143758,0.8512178212404251,0.007303604,0.0027851332,0.0027851332
879.1,-93.9093,3,288,-0.1625285,503.46205735206604,196356,0.0,1.4011127,0.849928542971611,0.008636085,0.004289471,0.004289471
