EpLenMean,EpRewMean,EpThisIter,EpisodesSoFar,TimeElapsed,TimestepsSoFar,entloss,entropy,ev_tdlam_before,meankl,optimgain,surrgain
602.3333333333334,180.60358,3,3,8.096267700195312,1807,0.0,1.4430928,0.008494377136230469,0.0034131398,0.009534269,0.009534269
629.6666666666666,155.08852,3,6,13.81892728805542,3778,0.0,1.4642023,0.5707870721817017,0.0033259643,0.008292519,0.008292519
646.7777777777778,164.10283,3,9,19.696986198425293,5821,0.0,1.4859396,0.6900547742843628,0.0033275206,0.0022369917,0.0022369917
651.75,155.3637,3,12,25.496699333190918,7821,0.0,1.4906622,0.838347539305687,0.0033833133,0.0032861698,0.0032861698
656.8,151.60167,3,15,31.396278619766235,9852,0.0,1.4673865,0.9163293614983559,0.0014211427,0.0008984206,0.0008984206
663.4444444444445,156.96198,3,18,37.75025177001953,11942,0.0,1.4576418,0.9535104930400848,0.00749419,0.007608974,0.007608974
689.0,147.60098,2,20,43.916892290115356,13780,0.0,1.4624919,0.9671491160988808,0.0011761771,0.0118231075,0.0118231075
711.3636363636364,139.7147,2,22,50.47229790687561,15650,0.0,1.4721172,0.9835719391703606,0.0018510038,0.006029686,0.006029686
735.5,135.15343,2,24,56.5546088218689,17652,0.0,1.4673235,0.8386136591434479,0.0017815875,0.01126184,0.01126184
755.9230769230769,131.51694,2,26,62.496508836746216,19654,0.0,1.475456,0.9644587449729443,0.0034543579,0.006331628,0.006331628
773.4285714285714,128.6372,2,28,68.87153244018555,21656,0.0,1.4772112,0.9371077194809914,0.0031819385,0.012006767,0.012006767
788.6,125.4134,2,30,75.620432138443,23658,0.0,1.4744054,0.9830756913870573,0.0031193248,0.0149653405,0.0149653405
789.0909090909091,128.01546,3,33,82.16720771789551,26040,0.0,1.4765421,0.9082829281687737,0.001745258,0.0032370682,0.0032370682
791.8333333333334,121.029,3,36,88.52621960639954,28506,0.0,1.4614971,0.8990831822156906,0.0067896424,0.0017902643,0.0017902643
802.8421052631579,119.15878,2,38,95.25091433525085,30508,0.0,1.4597857,0.9400419965386391,0.005462941,0.011309184,0.011309184
812.75,117.66167,2,40,101.82584071159363,32510,0.0,1.4419858,0.9923453330993652,0.0048131775,0.014401792,0.014401792
834.375,112.93904,2,42,108.05091404914856,34512,0.0,1.4325967,0.9941799989901483,0.0016712995,0.007595747,0.007595747
839.625,117.17893,3,45,114.50286626815796,36752,0.0,1.4477923,0.9674598015844822,0.0022178744,0.005828717,0.005828717
850.95,114.900024,2,47,120.88653421401978,38445,0.0,1.4710978,0.986618909984827,0.0035013158,0.0047258916,0.0047258916
847.5,119.13884,3,50,127.23272466659546,40459,0.0,1.4686682,0.9088555127382278,0.003854358,0.0025934298,0.0025934298
852.975,115.63277,3,53,133.5569908618927,42553,0.0,1.4533408,0.9950596108101308,0.0021838024,0.007876432,0.007876432
844.425,119.36836,4,57,139.75497245788574,45033,0.0,1.4966353,0.9673580937087536,0.0029905569,0.003078846,0.003078846
830.95,125.53237,3,60,145.434476852417,47018,0.0,1.4988017,0.9417318254709244,0.002879193,0.007143626,0.007143626
800.325,134.14867,3,63,152.19061279296875,48664,0.0,1.5426337,0.8831890746951103,0.004065234,0.0031468319,0.0031468319
754.85,143.31201,4,67,158.92034792900085,50849,0.0,1.5481355,0.962544247508049,0.0020934064,0.003710128,0.003710128
709.5,152.21751,4,71,165.03232789039612,53039,0.0,1.5259174,0.9867356261238456,0.00694927,0.007565365,0.007565365
683.15,171.36475,4,75,171.27300453186035,55049,0.0,1.5110879,0.7603597790002823,0.0020300215,0.0032617978,0.0032617978
637.85,194.8248,4,79,177.6035053730011,57023,0.0,1.4830221,0.8877918273210526,0.0034950334,0.0015741515,0.0015741515
594.55,214.3254,4,83,184.0857434272766,59040,0.0,1.4739176,0.9238452762365341,0.00244438,0.0035286117,0.0035286117
565.05,224.25566,4,87,190.83280086517334,61047,0.0,1.5083638,0.8829758018255234,0.005510712,0.003429816,0.003429816
538.575,248.4476,5,92,197.42079973220825,63432,0.0,1.4635926,0.9511242173612118,0.0038312564,0.0036253668,0.0036253668
520.2,265.69586,4,96,204.0212206840515,65272,0.0,1.4513445,0.9915422974154353,0.003519385,0.00571374,0.00571374
498.95,286.85953,5,101,210.5792384147644,67539,0.0,1.4318343,0.9952094322070479,0.005547728,0.0071393587,0.0071393587
488.95,304.4232,4,105,217.3982071876526,69322,0.0,1.4261148,0.9962145597673953,0.0043221577,0.008846548,0.008846548
476.25,326.4532,5,110,224.19849634170532,71530,0.0,1.4478656,0.996683502336964,0.0055395034,0.01250886,0.01250886
465.425,336.03604,5,115,230.41892290115356,73666,0.0,1.4476926,0.9971887557767332,0.0038992641,0.017167758,0.017167758
458.775,341.18,4,119,236.97554850578308,75374,0.0,1.4368008,0.9974203782621771,0.003294465,0.017802741,0.017802741
448.05,350.8376,5,124,243.1697678565979,77477,0.0,1.4318264,0.9974565193988383,0.0064453166,0.021853454,0.021853454
438.15,356.18344,5,129,249.56383419036865,79547,0.0,1.4263586,0.9978025113232434,0.0016493856,0.021237204,0.021237204
431.35,356.8635,5,134,255.95656538009644,81638,0.0,1.4069518,0.9989066780544817,0.0038361014,0.010632871,0.010632871
426.9,357.30853,5,139,262.488303899765,83714,0.0,1.386566,0.9987984789768234,0.005034337,0.025959488,0.025959488
422.575,357.74106,5,144,268.33227252960205,85775,0.0,1.357424,0.9992664362071082,0.005286594,0.029910214,0.029910214
418.675,358.13104,5,149,275.1298518180847,87829,0.0,1.3381019,0.9991114303702489,0.0043729884,0.02668422,0.02668422
415.675,358.43106,5,154,281.6594948768616,89856,0.0,1.332583,0.9987193850101903,0.0073183426,0.053528048,0.053528048
412.65,358.73358,5,159,287.9844138622284,91880,0.0,1.3230782,0.9994632843299769,0.0009846655,0.011508767,0.011508767
410.125,358.98605,5,164,294.30689001083374,93882,0.0,1.3023375,0.9996679897012655,0.0038752642,0.029905174,0.029905174
408.575,359.14105,5,169,300.4398355484009,95890,0.0,1.270627,0.999753922194941,0.005497703,0.049510326,0.049510326
407.575,359.24106,5,174,306.6085247993469,97941,0.0,1.2370293,0.999742764455732,0.0053831562,0.028904878,0.028904878
406.025,359.3961,5,179,312.7873594760895,99955,0.0,1.2226686,0.999506737862248,0.0064209583,0.051757723,0.051757723
404.9,359.5086,6,185,318.9765329360962,102374,0.0,1.2134,0.9996128511265852,0.0020996504,0.022318205,0.022318205
404.75,359.52362,5,190,361.00246381759644,104423,0.0,1.1856817,0.9995475531322882,0.005183554,0.04817937,0.04817937
403.5,359.6486,5,195,366.49262022972107,106393,0.0,1.1921813,0.9993441307451576,0.001770213,0.038339753,0.038339753
402.725,359.7261,5,200,371.9065330028534,108390,0.0,1.1918021,0.9970375529956073,0.0023283092,0.045195747,0.045195747
