EpLenMean,EpRewMean,EpThisIter,EpisodesSoFar,TimeElapsed,TimestepsSoFar,entloss,entropy,ev_tdlam_before,meankl,optimgain,surrgain
195.8,-184.1021,5,5,12.314109563827515,979,0.0,1.2918302,0.6433135271072388,0.0009661348,0.0047264583,0.0047264583
185.57142857142858,-201.31433,2,7,12.925806522369385,1299,0.0,1.2969164,0.4394257068634033,0.001029518,0.00028704316,0.00028704316
185.57142857142858,-201.31433,0,7,13.524268865585327,1299,0.0,1.3276381,0.0002834796905517578,0.0009665175,0.0015951691,0.0015951691
336.5,-192.66803,5,12,14.113467454910278,4038,0.0,1.309938,0.5405220091342926,0.0013820779,0.0034927912,0.0034927912
280.05555555555554,-225.20355,6,18,14.682018518447876,5041,0.0,1.3173051,0.5639718770980835,0.0006213199,0.0023844459,0.0023844459
252.20833333333334,-230.73549,6,24,15.256004810333252,6053,0.0,1.3042309,0.4568714499473572,0.00103566,0.0032605387,0.0032605387
234.56666666666666,-242.60101,6,30,15.845987796783447,7037,0.0,1.3055866,0.6256648600101471,0.00047390466,0.0014572309,0.0014572309
224.33333333333334,-235.56755,6,36,16.44536256790161,8076,0.0,1.3129574,0.3858873248100281,0.0014023588,0.003305997,0.003305997
214.7,-264.7279,7,43,17.092907667160034,9196,0.0,1.3097578,0.511279970407486,0.0012253707,0.005307213,0.005307213
170.875,-259.04654,5,48,17.65812110900879,10134,0.0,1.3162693,0.5094914436340332,0.001286637,0.002172833,0.002172833
170.925,-272.1894,6,54,18.233657598495483,11223,0.0,1.3233992,0.6431879997253418,0.00051093043,0.0015690736,0.0015690736
171.0,-271.40265,6,60,18.81608772277832,12206,0.0,1.3188419,0.5945394933223724,0.00076844863,0.0018825028,0.0018825028
172.975,-270.9004,5,65,19.394003868103027,13120,0.0,1.3067946,0.32747477293014526,0.0013477374,0.003934812,0.003934812
174.4,-256.82104,6,71,19.97865080833435,14171,0.0,1.3034103,0.6203516125679016,0.00040143775,0.001390043,0.001390043
174.4,-256.82104,0,71,20.55740237236023,14171,0.0,1.305373,-0.021547317504882812,2.2926135e-05,0.00012268499,0.00012268499
220.6,-255.72226,1,72,21.137483596801758,16171,0.0,1.3035479,-225.01707458496094,0.00050343684,0.0033731984,0.0033731984
220.6,-255.72226,0,72,21.716944217681885,16171,0.0,1.3012183,0.005060315132141113,2.7736474e-05,2.7271453e-05,2.7271453e-05
265.45,-261.45734,1,73,22.29652237892151,18171,0.0,1.3000851,-62.571022033691406,0.00026490923,0.0032471146,0.0032471146
265.45,-261.45734,0,73,22.880033016204834,18171,0.0,1.2998033,0.05795168876647949,0.00014204823,0.00030621933,0.00030621933
311.55,-260.3195,1,74,23.45567560195923,20171,0.0,1.3003904,-10.122081756591797,0.00033025834,0.0068688854,0.0068688854
311.55,-260.3195,0,74,24.037564039230347,20171,0.0,1.3004149,0.13053923845291138,0.0,-1.9455329e-06,-1.9455329e-06
356.0,-266.0146,1,75,24.612457752227783,22171,0.0,1.2982273,-4.901239395141602,0.00037577824,0.0026306864,0.0026306864
356.0,-266.0146,0,75,25.199612379074097,22171,0.0,1.2982131,0.08607959747314453,9.5693395e-08,-2.2854656e-06,-2.2854656e-06
405.225,-243.06401,3,78,25.789815425872803,24572,0.0,1.3075118,0.12490242719650269,0.0014372633,0.0026931288,0.0026931288
405.325,-243.05484,1,79,26.463911294937134,24776,0.0,1.3176771,0.7932299971580505,0.0011127114,0.004212858,0.004212858
405.325,-243.05484,0,79,27.02556562423706,24776,0.0,1.317656,6.031990051269531e-05,1.1920929e-07,3.6507845e-07,3.6507845e-07
454.7,-240.58908,3,82,27.598297834396362,27238,0.0,1.3203427,0.5125563740730286,0.0007390015,0.004380027,0.004380027
454.7,-240.58908,0,82,28.214997053146362,27238,0.0,1.3203442,-0.00019037723541259766,5.9604645e-08,6.33765e-07,6.33765e-07
499.95,-245.86514,2,84,28.823407649993896,29418,0.0,1.3206191,0.7258791625499725,0.00018636172,0.0010106503,0.0010106503
499.95,-245.86514,0,84,29.433406829833984,29418,0.0,1.3209367,0.003269493579864502,0.00070074457,0.0031251383,0.0031251383
546.225,-250.91118,1,85,30.01089358329773,31418,0.0,1.3229827,-442.50286865234375,0.0007416343,0.0018071793,0.0018071793
546.225,-250.91118,0,85,30.592758417129517,31418,0.0,1.3134904,0.007416129112243652,0.00012916152,0.0001324173,0.0001324173
592.225,-249.78987,1,86,31.171951055526733,33418,0.0,1.3164353,-128.4835205078125,0.0010363221,0.0026912615,0.0026912615
592.225,-249.78987,0,86,31.75862169265747,33418,0.0,1.3165379,0.006910383701324463,2.635701e-06,1.5180558e-06,1.5180558e-06
637.275,-249.00237,1,87,32.36708164215088,35418,0.0,1.3146527,-45.558372497558594,0.0010970393,0.008428052,0.008428052
637.275,-249.00237,0,87,32.9600944519043,35418,0.0,1.3303726,0.023431003093719482,0.000786568,0.0010327203,0.0010327203
682.1,-248.23079,1,88,33.54480171203613,37418,0.0,1.317297,-11.2210693359375,0.0013596143,0.005517611,0.005517611
682.1,-248.23079,0,88,34.17580485343933,37418,0.0,1.3172855,0.11602181196212769,6.018672e-08,4.945323e-06,4.945323e-06
727.975,-247.19827,1,89,34.79788255691528,39418,0.0,1.3202664,-3.3296942710876465,0.000440254,0.0026547867,0.0026547867
727.975,-247.19827,0,89,35.461179971694946,39418,0.0,1.320787,0.03823399543762207,0.00060664257,0.00074632885,0.00074632885
772.275,-246.5304,1,90,36.05200171470642,41418,0.0,1.3244381,-0.8992139101028442,0.0012966783,0.0064451853,0.0064451853
772.275,-246.5304,0,90,36.666842222213745,41418,0.0,1.3244783,0.05207705497741699,1.6059494e-07,1.5832484e-06,1.5832484e-06
818.725,-238.29294,1,91,37.3210723400116,43418,0.0,1.3272843,-0.5055888891220093,0.0009797844,0.002576766,0.002576766
818.725,-238.29294,0,91,37.94797205924988,43418,0.0,1.3276627,0.06891262531280518,0.00014168973,0.00084307697,0.00084307697
864.1,-237.44992,1,92,38.55879020690918,45418,0.0,1.3277992,-0.5770440101623535,0.00014886184,0.00010019739,0.00010019739
864.1,-237.44992,0,92,39.171910762786865,45418,0.0,1.327799,0.03697079420089722,8.35862e-08,4.079193e-07,4.079193e-07
910.1,-236.3415,1,93,39.733031272888184,47418,0.0,1.3315779,-0.4175478219985962,0.0012918985,0.002787225,0.002787225
910.1,-236.3415,0,93,40.36008286476135,47418,0.0,1.3305253,0.01773303747177124,0.00042846135,0.0006391406,0.0006391406
954.875,-235.59067,1,94,40.9629271030426,49418,0.0,1.3293205,-0.27632224559783936,0.00045556086,0.0047065243,0.0047065243
954.875,-235.59067,0,94,41.60944128036499,49418,0.0,1.3263648,0.01250767707824707,0.00013503194,0.00046930043,0.00046930043
954.875,-235.59067,0,94,161.62405967712402,49418,0.0,1.3264604,-76336.3046875,0.0004828613,0.00566962,0.00566962
1045.875,-231.94572,1,95,162.22359251976013,53200,0.0,1.3264924,-0.07605791091918945,0.00057510956,0.0031957296,0.0031957296
1045.875,-231.94572,0,95,162.83084297180176,53200,0.0,1.3233688,-44.47829055786133,0.00027885515,0.0008045906,0.0008045906
1091.325,-230.999,1,96,163.42570900917053,55200,0.0,1.3195753,-0.15593671798706055,0.00040259963,0.0027360367,0.0027360367
1091.325,-230.999,0,96,164.01866507530212,55200,0.0,1.3240674,-2.0845961570739746,0.00073261734,0.0052634594,0.0052634594
1136.625,-230.15263,1,97,164.60456109046936,57200,0.0,1.3278397,-0.19597578048706055,0.0009227115,0.0033994394,0.0033994394
1136.625,-230.15263,0,97,165.2305612564087,57200,0.0,1.3278762,1.800060272216797e-05,0.0,3.913883e-06,3.913883e-06
1183.1,-221.94995,1,98,165.8981499671936,59200,0.0,1.3310406,-0.15452361106872559,0.0005974228,0.0037502325,0.0037502325
1183.1,-221.94995,0,98,166.5740840435028,59200,0.0,1.3310391,0.001576244831085205,-2.9802322e-08,2.3213215e-06,2.3213215e-06
1228.725,-221.0076,1,99,167.1846354007721,61200,0.0,1.3241886,0.029360830783843994,0.0014876607,0.007282109,0.007282109
1228.725,-221.0076,0,99,167.81280827522278,61200,0.0,1.3241674,0.0007666945457458496,5.9604645e-08,1.9543804e-06,1.9543804e-06
1274.85,-226.13484,1,100,168.41565489768982,63200,0.0,1.3293777,0.8276521563529968,0.00044206,0.0037538002,0.0037538002
1274.85,-226.13484,0,100,169.03271412849426,63200,0.0,1.3293719,0.002596735954284668,7.223571e-08,-1.3159588e-06,-1.3159588e-06
1321.575,-231.2808,2,102,169.6387701034546,65398,0.0,1.3339552,0.8053342401981354,0.00029314746,0.0026390776,0.0026390776
1321.975,-231.17859,1,103,170.27211737632751,65604,0.0,1.3375758,-15.656583786010742,0.0010959469,0.0036750585,0.0036750585
1321.975,-231.17859,0,103,170.9116015434265,65604,0.0,1.3370613,0.003041088581085205,0.00013572938,1.179846e-05,1.179846e-05
1367.975,-230.09341,1,104,171.57001948356628,67604,0.0,1.3362828,-207.54190063476562,0.00017321034,0.0034960026,0.0034960026
1412.1,-235.75598,1,105,172.23614645004272,69604,0.0,1.3364509,0.7741643190383911,0.000116627954,0.0009872409,0.0009872409
1412.1,-235.75598,0,105,172.89525890350342,69604,0.0,1.3379513,-4693.00390625,0.0014415924,0.0036596176,0.0036596176
1456.75,-241.47107,1,106,173.5280303955078,71604,0.0,1.337433,0.9018973112106323,0.00026849215,0.0024739867,0.0024739867
1456.75,-241.47107,0,106,174.15228939056396,71604,0.0,1.31752,0.005830883979797363,0.0010804976,0.0020929435,0.0020929435
1502.4,-247.06216,1,107,174.80904459953308,73604,0.0,1.2929673,-139.191162109375,0.001146393,0.0024624802,0.0024624802
1502.4,-247.06216,0,107,175.5023639202118,73604,0.0,1.3044281,-0.31021857261657715,0.0001924407,0.0003105516,0.0003105516
1548.325,-246.01718,1,108,176.09078645706177,75604,0.0,1.3030854,-8.902667999267578,0.0012461967,0.0029053795,0.0029053795
1548.325,-246.01718,0,108,176.71062636375427,75604,0.0,1.3012404,0.023677289485931396,3.0077877e-05,3.4783036e-05,3.4783036e-05
1594.15,-245.04695,1,109,177.35012912750244,77604,0.0,1.2987729,-0.8400652408599854,0.00078984577,0.0048436327,0.0048436327
1594.15,-245.04695,0,109,177.9802951812744,77604,0.0,1.3003634,0.01387643814086914,0.0014979834,0.0020343696,0.0020343696
1640.45,-243.8229,1,110,178.6369981765747,79604,0.0,1.3009841,-0.3168371915817261,0.000995087,0.004246494,0.004246494
1640.45,-243.8229,0,110,179.26898193359375,79604,0.0,1.3010266,0.02385270595550537,-5.54719e-08,6.406568e-06,6.406568e-06
1685.825,-242.98149,1,111,179.8689501285553,81604,0.0,1.3006496,-0.17155051231384277,0.0011475552,0.0069356994,0.0069356994
1685.825,-242.98149,0,111,180.55562901496887,81604,0.0,1.3006078,0.025279462337493896,-1.6298145e-09,1.2619421e-06,1.2619421e-06
1685.825,-242.98152,1,112,181.22355103492737,83604,0.0,1.2989643,-1.8815088272094727,0.0011619015,0.0053758454,0.0053758454
1685.825,-242.98152,0,112,181.89586520195007,83604,0.0,1.2987685,0.1064881682395935,6.9418456e-07,1.8626451e-08,1.8626451e-08
1685.825,-242.98149,1,113,182.55479550361633,85604,0.0,1.2993975,-2.442171096801758,0.0003249778,0.0014271645,0.0014271645
1685.825,-242.98149,0,113,183.17786645889282,85604,0.0,1.2994994,0.02563345432281494,5.335518e-05,0.00011303881,0.00011303881
1685.825,-242.98152,1,114,183.83375573158264,87604,0.0,1.2974898,-0.048856258392333984,0.00094463775,0.00328261,0.00328261
1685.825,-242.98152,0,114,184.4710659980774,87604,0.0,1.2978806,0.0343775749206543,0.00011028198,0.0003888798,0.0003888798
1685.825,-242.98152,1,115,185.1349802017212,89604,0.0,1.2975463,-1.4041218757629395,2.9444054e-05,0.00022832875,0.00022832875
1685.825,-242.98152,0,115,185.7484679222107,89604,0.0,1.2974994,0.14031857252120972,1.15367584e-07,5.0803646e-07,5.0803646e-07
1685.825,-242.98152,1,116,186.35052943229675,91604,0.0,1.2989972,-0.013630867004394531,0.0010557352,0.0011945578,0.0011945578
1685.825,-242.98152,0,116,186.9319097995758,91604,0.0,1.2915958,0.1552254557609558,0.0009801979,0.0007925923,0.0007925923
1730.675,-242.14302,1,117,187.64726495742798,93604,0.0,1.2885891,-0.08431649208068848,0.0004859924,0.00014982512,0.00014982512
1730.675,-242.14302,0,117,188.30623745918274,93604,0.0,1.2886002,0.14988869428634644,1.2113014e-07,4.183501e-06,4.183501e-06
1775.8,-241.26335,1,118,188.93520092964172,95604,0.0,1.2967838,-0.7747960090637207,0.0013124908,0.005599191,0.005599191
1775.8,-241.26335,0,118,189.61947655677795,95604,0.0,1.2973424,0.06855231523513794,0.00031254377,0.001075549,0.001075549
1820.7,-240.48613,1,119,190.30709958076477,97604,0.0,1.2990887,-0.03828704357147217,0.0007268572,0.00040830043,0.00040830043
1820.7,-240.48613,0,119,190.93259859085083,97604,0.0,1.2991931,0.07749223709106445,-1.679291e-08,2.5657937e-06,2.5657937e-06
1820.7,-234.18562,1,120,191.5242338180542,99604,0.0,1.3010253,-2.4221866130828857,0.00097622676,0.004928994,0.004928994
1820.7,-234.18562,0,120,192.12880897521973,99604,0.0,1.3009844,0.2489573359489441,0.0010260616,0.0005445094,0.0005445094
1865.325,-233.40788,1,121,192.72506618499756,101604,0.0,1.3047885,-1.011204719543457,0.00059906533,0.0014775011,0.0014775011
1865.325,-233.40788,0,121,314.48024225234985,101604,0.0,1.3022296,-3.7239627838134766,0.00027696253,0.0018610086,0.0018610086
1929.05,-234.60149,1,122,315.1392388343811,104400,0.0,1.3031449,0.02058631181716919,0.0010391177,0.0018619556,0.0018619556
1929.05,-234.60149,0,122,315.80166482925415,104400,0.0,1.306395,-6.361387252807617,0.0002776162,0.0045231273,0.0045231273
1929.05,-234.60152,1,123,316.4878432750702,106400,0.0,1.3120935,-0.002734661102294922,0.0012182733,6.3617015e-05,6.3617015e-05
1929.05,-234.60152,0,123,317.121933221817,106400,0.0,1.3018508,0.06642454862594604,0.0006865792,0.00071852584,0.00071852584
1974.55,-233.7024,1,124,317.80076456069946,108400,0.0,1.3013502,-0.15760815143585205,0.00013554597,0.0009778661,0.0009778661
1974.55,-233.7024,0,124,318.4431471824646,108400,0.0,1.3020077,0.13142043352127075,0.00016618508,0.0007453817,0.0007453817
1974.55,-227.36443,1,125,319.074346780777,110400,0.0,1.3080138,-0.680729866027832,0.0010876372,0.0054415194,0.0054415194
1974.55,-227.36443,0,125,319.6807527542114,110400,0.0,1.2924392,0.08366119861602783,0.00031745923,0.0011584703,0.0011584703
1974.55,-227.36443,1,126,320.2809638977051,112400,0.0,1.2935792,-0.005803942680358887,0.0013618814,0.0022364398,0.0022364398
1974.55,-227.36443,0,126,320.8990466594696,112400,0.0,1.2935534,0.09788870811462402,5.122274e-09,2.9210933e-06,2.9210933e-06
1974.55,-227.36443,1,127,321.50449562072754,114400,0.0,1.2903304,-0.11525774002075195,0.00060667814,0.0014911543,0.0014911543
1974.55,-227.36443,0,127,322.11606550216675,114400,0.0,1.2907351,0.09599852561950684,9.0920366e-07,1.6007572e-05,1.6007572e-05
1974.55,-227.36443,1,128,322.7202627658844,116400,0.0,1.2840867,-0.09727942943572998,0.0007438406,0.0012287057,0.0012287057
1974.55,-227.36443,0,128,323.3224468231201,116400,0.0,1.2694046,0.1270437240600586,0.0005077418,0.0009209295,0.0009209295
1974.55,-227.36443,1,129,323.935480594635,118400,0.0,1.2640626,-0.07309544086456299,0.00033765088,0.00018624892,0.00018624892
1974.55,-227.36443,0,129,324.54551458358765,118400,0.0,1.2646801,0.16727358102798462,0.00019129954,0.001355242,0.001355242
1974.55,-227.36443,1,130,325.15845823287964,120400,0.0,1.254033,-0.46584105491638184,0.00091768336,0.0023293125,0.0023293125
1974.55,-227.36443,0,130,325.77129769325256,120400,0.0,1.2420515,0.13108336925506592,0.0006276006,0.0005277158,0.0005277158
1974.55,-227.36443,1,131,326.4017856121063,122400,0.0,1.2400361,-0.5423643589019775,0.00015559082,0.0011439087,0.0011439087
1974.55,-227.36443,0,131,327.0161306858063,122400,0.0,1.239653,0.07888609170913696,8.814968e-07,2.7599744e-06,2.7599744e-06
1974.55,-227.36443,1,132,327.62466859817505,124400,0.0,1.2509869,-0.31008124351501465,0.0007076328,0.0026049018,0.0026049018
1974.55,-227.36443,0,132,328.292195558548,124400,0.0,1.252852,0.09062016010284424,5.0999108e-05,9.858049e-06,9.858049e-06
1974.55,-227.36443,1,133,328.99948358535767,126400,0.0,1.2457017,-0.2069309949874878,0.0006070884,0.0017410151,0.0017410151
1974.55,-227.36443,0,133,329.71544075012207,126400,0.0,1.2438755,0.060301125049591064,3.909989e-05,5.133031e-05,5.133031e-05
1974.55,-227.36443,1,134,330.388475894928,128400,0.0,1.2388703,-1.651174783706665,0.0002749766,0.00059029623,0.00059029623
1974.55,-227.36443,0,134,331.02743434906006,128400,0.0,1.2077175,0.14039885997772217,0.001015844,0.002856589,0.002856589
1930.0,-222.90915,1,135,331.69359278678894,130400,0.0,1.2006851,-0.7189438343048096,0.0010169802,2.0029198e-05,2.0029198e-05
1930.0,-222.90915,0,135,332.30212116241455,130400,0.0,1.2003846,0.09531909227371216,1.5756814e-07,1.0414515e-05,1.0414515e-05
1930.0,-222.90915,1,136,332.89653754234314,132400,0.0,1.2109923,0.01897561550140381,0.000642095,0.0016023972,0.0016023972
1930.0,-222.90915,0,136,333.49756145477295,132400,0.0,1.2127224,0.08611643314361572,7.858558e-06,3.0588824e-05,3.0588824e-05
1930.0,-222.90915,1,137,334.103506565094,134400,0.0,1.2164521,-0.48769843578338623,0.0012528519,0.0023273455,0.0023273455
1930.0,-222.90915,0,137,334.71439123153687,134400,0.0,1.2164412,0.06124788522720337,1.8044375e-09,7.734634e-07,7.734634e-07
1930.0,-222.90915,1,138,335.35573530197144,136400,0.0,1.2111144,-0.012304425239562988,0.00032447244,0.0010321212,0.0010321212
1930.0,-222.90915,0,138,336.001708984375,136400,0.0,1.2111201,0.07234001159667969,-2.9802322e-08,1.6274862e-06,1.6274862e-06
1930.0,-222.90915,1,139,336.6200828552246,138400,0.0,1.209473,-0.027891159057617188,0.00081387034,0.0011930682,0.0011930682
1930.0,-222.90915,0,139,337.22581601142883,138400,0.0,1.182573,0.0792883038520813,0.0010897475,0.00071643945,0.00071643945
1930.0,-216.62589,1,140,337.85489296913147,140400,0.0,1.1852022,-0.04327499866485596,0.00082748703,0.0012393922,0.0012393922
1930.0,-216.62589,0,140,338.4692885875702,140400,0.0,1.1849569,0.10262256860733032,6.0128514e-08,1.6842969e-06,1.6842969e-06
1930.0,-210.17978,1,141,339.0945031642914,142400,0.0,1.187622,-0.0033025741577148438,8.9346315e-05,9.578478e-05,9.578478e-05
1930.0,-210.17978,0,141,339.68787813186646,142400,0.0,1.1777099,0.16073906421661377,0.00042769103,0.00051537715,0.00051537715
1975.05,-209.3178,1,142,340.28555631637573,144400,0.0,1.1683868,-0.6774965524673462,0.0004256107,0.0012107084,0.0012107084
2019.9,-208.4878,1,143,340.8992249965668,146400,0.0,1.1722548,0.006299197673797607,0.00069031725,0.00083049777,0.00083049777
2019.9,-208.4878,0,143,341.49050855636597,146400,0.0,1.1543888,-35.86227035522461,0.0010288323,0.0026190002,0.0026190002
2019.9,-208.4878,1,144,342.0877287387848,148400,0.0,1.1523069,0.04516327381134033,0.0004488866,0.0023521325,0.0023521325
2019.9,-208.4878,0,144,342.6652750968933,148400,0.0,1.1560348,-3.6428656578063965,0.0009932527,0.0007869259,0.0007869259
2019.9,-208.4878,1,145,343.2744948863983,150400,0.0,1.1669786,-0.0043135881423950195,0.0004278883,0.0007692832,0.0007692832
2019.9,-208.4878,0,145,343.8542492389679,150400,0.0,1.1398909,0.06260943412780762,0.0010243058,0.0020044711,0.0020044711
2019.9,-208.4878,1,146,344.4653902053833,152400,0.0,1.1420691,-0.08674454689025879,0.0012410604,0.0010290764,0.0010290764
2019.9,-208.4878,0,146,345.06028056144714,152400,0.0,1.1589063,0.08512347936630249,0.00097109296,0.0021838206,0.0021838206
